"Positioner     1"
[2.54444e-14 9.60400e-01 1.92080e+00 2.88120e+00 3.84160e+00 4.80200e+00 5.76240e+00 6.72280e+00 7.68320e+00 8.64360e+00 9.60400e+00
 1.05644e+01 1.15248e+01 1.20000e+01 1.20000e+01 1.20000e+01 1.20000e+01 1.20000e+01 1.20000e+01 1.20000e+01 1.20000e+01 1.20000e+01
 1.20000e+01 1.20000e+01 1.20000e+01 1.20000e+01 1.20000e+01 1.20000e+01 1.20000e+01 1.20000e+01 1.20000e+01 1.20000e+01 1.20000e+01
 1.20000e+01 1.20000e+01 1.20140e+01 1.29744e+01 1.39348e+01 1.48952e+01 1.58556e+01 1.68000e+01 1.68000e+01 1.68000e+01 1.72972e+01
 1.82576e+01 1.92187e+01 2.02187e+01 2.12187e+01 2.09813e+01 1.99813e+01 1.89813e+01 1.79813e+01 1.69813e+01 1.59813e+01 1.49813e+01
 1.44000e+01 1.44000e+01 1.44187e+01 1.54187e+01 1.64187e+01 1.74187e+01 1.84187e+01 1.90499e+01 1.83639e+01 1.76779e+01 1.69919e+01
 1.63059e+01 1.56199e+01 1.49339e+01 1.42479e+01 1.35619e+01 1.28759e+01 1.21899e+01 1.20000e+01 1.20000e+01 1.20000e+01 1.20000e+01
 1.20000e+01 1.20000e+01 1.20000e+01 1.20000e+01 1.20000e+01 1.20000e+01 1.20000e+01 1.20000e+01 1.20000e+01 1.20000e+01 1.20000e+01
 1.20000e+01 1.20000e+01 1.20000e+01 1.20000e+01 1.20000e+01 1.20000e+01 1.20000e+01 1.20000e+01 1.20000e+01 1.20000e+01 1.20000e+01
 1.20000e+01 1.20000e+01 1.20000e+01 1.20000e+01 1.20000e+01 1.20000e+01 1.20000e+01 1.20000e+01 1.20000e+01]
[2.54444e-14 9.60400e-01 1.92080e+00 2.88120e+00 3.84160e+00 4.80200e+00 5.76240e+00 6.72280e+00 7.68320e+00 8.64360e+00 9.60400e+00
 1.05644e+01 1.15248e+01 1.24852e+01 1.34456e+01 1.44060e+01 1.53664e+01 1.63268e+01 1.72872e+01 1.82476e+01 1.92080e+01 2.01684e+01
 2.11288e+01 2.20892e+01 2.30496e+01 2.40100e+01 2.49704e+01 2.59308e+01 2.68912e+01 2.78516e+01 2.88120e+01 2.97724e+01 3.07328e+01
 3.16932e+01 3.26536e+01 3.36140e+01 3.45744e+01 3.55348e+01 3.64952e+01 3.74556e+01 3.84160e+01 3.93764e+01 4.03368e+01 4.12972e+01
 4.22576e+01 4.32187e+01 4.42187e+01 4.52187e+01 4.62187e+01 4.72187e+01 4.82187e+01 4.92187e+01 5.02187e+01 5.12187e+01 5.22187e+01
 5.32187e+01 5.42187e+01 5.52187e+01 5.62187e+01 5.72187e+01 5.82187e+01 5.92187e+01 6.01501e+01 6.08361e+01 6.15221e+01 6.22081e+01
 6.28941e+01 6.35801e+01 6.42661e+01 6.49521e+01 6.56381e+01 6.63241e+01 6.70101e+01 6.72000e+01 6.72000e+01 6.72000e+01 6.72000e+01
 6.72000e+01 6.72000e+01 6.72000e+01 6.72000e+01 6.72000e+01 6.72000e+01 6.72000e+01 6.72000e+01 6.72000e+01 6.72000e+01 6.72000e+01
 6.72000e+01 6.72000e+01 6.72000e+01 6.72000e+01 6.72000e+01 6.72000e+01 6.72000e+01 6.72000e+01 6.72000e+01 6.72000e+01 6.72000e+01
 6.72000e+01 6.72000e+01 6.72000e+01 6.72000e+01 6.72000e+01 6.72000e+01 6.72000e+01 6.72000e+01 6.72000e+01]

"Positioner     2"
[ 2.54444e-14 -9.60400e-01 -1.92080e+00 -2.88120e+00 -3.84160e+00 -4.80200e+00 -5.76240e+00 -6.72280e+00 -7.68320e+00 -8.64360e+00
 -9.60400e+00 -1.05644e+01 -1.15248e+01 -1.24852e+01 -1.34456e+01 -1.44060e+01 -1.53664e+01 -1.63268e+01 -1.72872e+01 -1.82476e+01
 -1.92080e+01 -2.01684e+01 -2.11288e+01 -2.20892e+01 -2.30496e+01 -2.40100e+01 -2.49704e+01 -2.59308e+01 -2.68912e+01 -2.78516e+01
 -2.88120e+01 -2.97724e+01 -3.07328e+01 -3.16932e+01 -3.26536e+01 -3.36140e+01 -3.45744e+01 -3.55348e+01 -3.64952e+01 -3.74556e+01
 -3.84160e+01 -3.93764e+01 -4.03368e+01 -4.12972e+01 -4.22576e+01 -4.32180e+01 -4.41784e+01 -4.51388e+01 -4.60992e+01 -4.70596e+01
 -4.80200e+01 -4.89804e+01 -4.99408e+01 -5.09012e+01 -5.18616e+01 -5.28220e+01 -5.37824e+01 -5.47428e+01 -5.57032e+01 -5.66636e+01
 -5.76000e+01 -5.76000e+01 -5.76000e+01 -5.76000e+01 -5.76000e+01 -5.76000e+01 -5.76000e+01 -5.76000e+01 -5.76000e+01 -5.76000e+01
 -5.76000e+01 -5.76000e+01 -5.76000e+01 -5.76000e+01 -5.76000e+01 -5.76000e+01 -5.76000e+01 -5.76000e+01 -5.76000e+01 -5.76000e+01
 -5.76000e+01 -5.76000e+01 -5.76000e+01 -5.76000e+01 -5.76000e+01 -5.76000e+01 -5.76000e+01 -5.76000e+01 -5.76000e+01 -5.76000e+01
 -5.76000e+01 -5.76000e+01 -5.76000e+01 -5.76000e+01 -5.76000e+01 -5.76000e+01 -5.76000e+01 -5.76000e+01 -5.76000e+01 -5.76000e+01
 -5.76000e+01 -5.76000e+01 -5.76000e+01 -5.76000e+01 -5.76000e+01 -5.76000e+01 -5.76000e+01 -5.76000e+01]
[ 2.54444e-14 -9.60400e-01 -1.92080e+00 -2.88120e+00 -3.84160e+00 -4.80200e+00 -5.76240e+00 -6.72280e+00 -7.68320e+00 -8.64360e+00
 -9.60400e+00 -1.05644e+01 -1.15248e+01 -1.24852e+01 -1.34456e+01 -1.44060e+01 -1.53664e+01 -1.63268e+01 -1.72872e+01 -1.82476e+01
 -1.92080e+01 -2.01684e+01 -2.11288e+01 -2.20892e+01 -2.30496e+01 -2.40100e+01 -2.49704e+01 -2.59308e+01 -2.68912e+01 -2.78516e+01
 -2.88120e+01 -2.97724e+01 -3.07328e+01 -3.16932e+01 -3.26536e+01 -3.36140e+01 -3.45744e+01 -3.55348e+01 -3.64952e+01 -3.74556e+01
 -3.84160e+01 -3.93764e+01 -4.03368e+01 -4.08000e+01 -4.08000e+01 -4.08000e+01 -4.08000e+01 -4.08000e+01 -4.08000e+01 -4.08000e+01
 -4.08000e+01 -4.08000e+01 -4.08000e+01 -4.08000e+01 -4.08000e+01 -4.08000e+01 -4.08000e+01 -4.08000e+01 -4.08000e+01 -4.08000e+01
 -4.08000e+01 -4.08000e+01 -4.08000e+01 -4.08000e+01 -4.08000e+01 -4.08000e+01 -4.08000e+01 -4.08000e+01 -4.08000e+01 -4.08000e+01
 -4.08000e+01 -4.08000e+01 -4.08000e+01 -4.08000e+01 -4.08000e+01 -4.08000e+01 -4.08000e+01 -4.08000e+01 -4.08000e+01 -4.08000e+01
 -4.08000e+01 -4.08000e+01 -4.08000e+01 -4.08000e+01 -4.08000e+01 -4.08000e+01 -4.08000e+01 -4.08000e+01 -4.08000e+01 -4.08000e+01
 -4.08000e+01 -4.08000e+01 -4.08000e+01 -4.08000e+01 -4.08000e+01 -4.08000e+01 -4.08000e+01 -4.08000e+01 -4.08000e+01 -4.08000e+01
 -4.08000e+01 -4.08000e+01 -4.08000e+01 -4.08000e+01 -4.08000e+01 -4.08000e+01 -4.08000e+01 -4.08000e+01]

"Positioner     3"
[ 2.54444e-14 -9.60400e-01 -1.92080e+00 -2.88120e+00 -3.84160e+00 -4.80200e+00 -5.76240e+00 -6.72280e+00 -7.68320e+00 -8.64360e+00
 -9.60400e+00 -1.05644e+01 -1.15248e+01 -1.24852e+01 -1.34456e+01 -1.44060e+01 -1.53664e+01 -1.63268e+01 -1.72872e+01 -1.82476e+01
 -1.92080e+01 -2.01684e+01 -2.11288e+01 -2.20892e+01 -2.30496e+01 -2.40100e+01 -2.49704e+01 -2.59308e+01 -2.68912e+01 -2.78516e+01
 -2.88120e+01 -2.97724e+01 -3.07328e+01 -3.16932e+01 -3.26536e+01 -3.36140e+01 -3.45744e+01 -3.55348e+01 -3.64952e+01 -3.74556e+01
 -3.84160e+01 -3.93764e+01 -4.03368e+01 -4.12972e+01 -4.22576e+01 -4.32180e+01 -4.41784e+01 -4.51388e+01 -4.60992e+01 -4.70596e+01
 -4.80200e+01 -4.89804e+01 -4.99408e+01 -5.09012e+01 -5.18616e+01 -5.28220e+01 -5.37824e+01 -5.47428e+01 -5.57032e+01 -5.66636e+01
 -5.76240e+01 -5.85844e+01 -5.95448e+01 -6.05052e+01 -6.14656e+01 -6.24260e+01 -6.33864e+01 -6.43468e+01 -6.53072e+01 -6.62676e+01
 -6.72280e+01 -6.81884e+01 -6.91488e+01 -7.01092e+01 -7.10696e+01 -7.20300e+01 -7.29904e+01 -7.39508e+01 -7.49112e+01 -7.58716e+01
 -7.68320e+01 -7.77924e+01 -7.87528e+01 -7.97132e+01 -8.06736e+01 -8.16340e+01 -8.25944e+01 -8.35548e+01 -8.45152e+01 -8.54756e+01
 -8.64360e+01 -8.73964e+01 -8.83568e+01 -8.93172e+01 -9.02776e+01 -9.12000e+01 -9.12000e+01 -9.12000e+01 -9.12000e+01 -9.12000e+01
 -9.12000e+01 -9.12000e+01 -9.12000e+01 -9.12000e+01 -9.12000e+01 -9.12000e+01 -9.12000e+01 -9.12000e+01]
[ 2.54444e-14 -9.60400e-01 -1.92080e+00 -2.88120e+00 -3.84160e+00 -4.80200e+00 -5.76240e+00 -6.72280e+00 -7.68320e+00 -8.64360e+00
 -9.60400e+00 -1.05644e+01 -1.15248e+01 -1.24852e+01 -1.34456e+01 -1.44060e+01 -1.53664e+01 -1.63268e+01 -1.72872e+01 -1.82476e+01
 -1.92080e+01 -2.01684e+01 -2.11288e+01 -2.20892e+01 -2.30496e+01 -2.40100e+01 -2.49704e+01 -2.59308e+01 -2.68912e+01 -2.78516e+01
 -2.88120e+01 -2.97724e+01 -3.07328e+01 -3.16932e+01 -3.26536e+01 -3.36140e+01 -3.45744e+01 -3.55348e+01 -3.64952e+01 -3.74556e+01
 -3.84160e+01 -3.93764e+01 -4.03368e+01 -4.12972e+01 -4.22576e+01 -4.32180e+01 -4.41784e+01 -4.51388e+01 -4.60992e+01 -4.70596e+01
 -4.80200e+01 -4.89804e+01 -4.99408e+01 -5.09012e+01 -5.18616e+01 -5.28220e+01 -5.37824e+01 -5.47428e+01 -5.57032e+01 -5.66636e+01
 -5.76240e+01 -5.85844e+01 -5.95448e+01 -6.05052e+01 -6.14656e+01 -6.24260e+01 -6.33864e+01 -6.43468e+01 -6.53072e+01 -6.62676e+01
 -6.72280e+01 -6.81884e+01 -6.91488e+01 -7.01092e+01 -7.10696e+01 -7.20300e+01 -7.29904e+01 -7.39508e+01 -7.49112e+01 -7.58716e+01
 -7.68320e+01 -7.77924e+01 -7.87528e+01 -7.97132e+01 -8.06736e+01 -8.16340e+01 -8.25944e+01 -8.35548e+01 -8.45152e+01 -8.54756e+01
 -8.64360e+01 -8.73964e+01 -8.83568e+01 -8.93172e+01 -9.02776e+01 -9.12380e+01 -9.21984e+01 -9.31588e+01 -9.41192e+01 -9.50796e+01
 -9.60400e+01 -9.70004e+01 -9.79608e+01 -9.89212e+01 -9.98816e+01 -1.00800e+02 -1.00800e+02 -1.00800e+02]

"Positioner     4"
[ 2.54444e-14 -9.60400e-01 -1.92080e+00 -2.88120e+00 -3.84160e+00 -4.80200e+00 -5.76240e+00 -6.72280e+00 -7.68320e+00 -8.64360e+00
 -9.60400e+00 -1.05644e+01 -1.15248e+01 -1.24852e+01 -1.34456e+01 -1.44060e+01 -1.53664e+01 -1.63268e+01 -1.72872e+01 -1.82476e+01
 -1.92080e+01 -2.01684e+01 -2.11288e+01 -2.20892e+01 -2.30496e+01 -2.40100e+01 -2.49704e+01 -2.59308e+01 -2.68912e+01 -2.78516e+01
 -2.88120e+01 -2.97724e+01 -3.07328e+01 -3.16932e+01 -3.26536e+01 -3.36140e+01 -3.45744e+01 -3.55348e+01 -3.64952e+01 -3.74556e+01
 -3.84160e+01 -3.93764e+01 -4.03368e+01 -4.12972e+01 -4.22576e+01 -4.32187e+01 -4.42187e+01 -4.52187e+01 -4.62187e+01 -4.72187e+01
 -4.82101e+01 -4.91705e+01 -5.01309e+01 -5.10913e+01 -5.20517e+01 -5.30121e+01 -5.39725e+01 -5.49329e+01 -5.58933e+01 -5.68537e+01
 -5.78141e+01 -5.87745e+01 -5.97349e+01 -6.06953e+01 -6.16557e+01 -6.26161e+01 -6.35765e+01 -6.45369e+01 -6.54973e+01 -6.64577e+01
 -6.74181e+01 -6.83785e+01 -6.93389e+01 -7.02993e+01 -7.12597e+01 -7.22201e+01 -7.31805e+01 -7.41409e+01 -7.51013e+01 -7.60617e+01
 -7.70221e+01 -7.79825e+01 -7.89429e+01 -7.99033e+01 -8.08637e+01 -8.18241e+01 -8.27845e+01 -8.37449e+01 -8.47053e+01 -8.56657e+01
 -8.66261e+01 -8.75865e+01 -8.85469e+01 -8.95073e+01 -9.04677e+01 -9.14281e+01 -9.23885e+01 -9.33489e+01 -9.43093e+01 -9.52697e+01
 -9.62301e+01 -9.71905e+01 -9.81509e+01 -9.91113e+01 -1.00072e+02 -1.01032e+02 -1.01992e+02 -1.02953e+02]
[ 2.54444e-14 -9.60400e-01 -1.92080e+00 -2.88120e+00 -3.84160e+00 -4.80200e+00 -5.76240e+00 -6.72280e+00 -7.68320e+00 -8.64360e+00
 -9.60400e+00 -1.05644e+01 -1.15248e+01 -1.24852e+01 -1.34456e+01 -1.44060e+01 -1.53664e+01 -1.63268e+01 -1.72872e+01 -1.82476e+01
 -1.92080e+01 -2.01684e+01 -2.11288e+01 -2.20892e+01 -2.30496e+01 -2.40100e+01 -2.49704e+01 -2.59308e+01 -2.64000e+01 -2.64000e+01
 -2.63880e+01 -2.54276e+01 -2.44672e+01 -2.35068e+01 -2.25464e+01 -2.15860e+01 -2.06256e+01 -1.96652e+01 -1.92000e+01 -1.92000e+01
 -1.91840e+01 -1.82236e+01 -1.72632e+01 -1.63028e+01 -1.53424e+01 -1.43813e+01 -1.33813e+01 -1.23813e+01 -1.26187e+01 -1.36187e+01
 -1.46101e+01 -1.55705e+01 -1.65309e+01 -1.74913e+01 -1.84517e+01 -1.94121e+01 -2.03725e+01 -2.13329e+01 -2.22933e+01 -2.32537e+01
 -2.42141e+01 -2.51745e+01 -2.61349e+01 -2.70953e+01 -2.80557e+01 -2.90161e+01 -2.99765e+01 -3.09369e+01 -3.18973e+01 -3.28577e+01
 -3.38181e+01 -3.47785e+01 -3.57389e+01 -3.66993e+01 -3.76597e+01 -3.86201e+01 -3.95805e+01 -4.05409e+01 -4.15013e+01 -4.24617e+01
 -4.34221e+01 -4.43825e+01 -4.53429e+01 -4.63033e+01 -4.72637e+01 -4.82241e+01 -4.91845e+01 -5.01449e+01 -5.11053e+01 -5.20657e+01
 -5.30261e+01 -5.39865e+01 -5.49469e+01 -5.59073e+01 -5.68677e+01 -5.78281e+01 -5.87885e+01 -5.97489e+01 -6.07093e+01 -6.16697e+01
 -6.26301e+01 -6.35905e+01 -6.45509e+01 -6.55113e+01 -6.64717e+01 -6.74321e+01 -6.83925e+01 -6.93529e+01]

"Positioner     5"
[ 2.54444e-14 -9.60400e-01 -1.92080e+00 -2.88120e+00 -3.84160e+00 -4.80200e+00 -5.76240e+00 -6.72280e+00 -7.68320e+00 -8.64360e+00
 -9.60400e+00 -1.05644e+01 -1.15248e+01 -1.24852e+01 -1.34456e+01 -1.44060e+01 -1.53664e+01 -1.63268e+01 -1.72872e+01 -1.82476e+01
 -1.92080e+01 -2.01684e+01 -2.11288e+01 -2.16000e+01 -2.16000e+01 -2.16000e+01 -2.16000e+01 -2.16000e+01 -2.16000e+01 -2.16000e+01
 -2.16000e+01 -2.16000e+01 -2.16000e+01 -2.16000e+01 -2.16000e+01 -2.16000e+01 -2.16000e+01 -2.16000e+01 -2.16000e+01 -2.16000e+01
 -2.16000e+01 -2.16000e+01 -2.16000e+01 -2.16000e+01 -2.16000e+01 -2.16000e+01 -2.16000e+01 -2.16000e+01 -2.16000e+01 -2.16000e+01
 -2.16000e+01 -2.16000e+01 -2.16000e+01 -2.16000e+01 -2.16000e+01 -2.16000e+01 -2.16000e+01 -2.16000e+01 -2.16000e+01 -2.16000e+01
 -2.16000e+01 -2.16000e+01 -2.16000e+01 -2.16000e+01 -2.16000e+01 -2.16000e+01 -2.16000e+01 -2.16000e+01 -2.16000e+01 -2.16000e+01
 -2.16000e+01 -2.16000e+01 -2.16000e+01 -2.16000e+01 -2.16000e+01 -2.16000e+01 -2.16000e+01 -2.16000e+01 -2.16000e+01 -2.16000e+01
 -2.16000e+01 -2.16000e+01 -2.16000e+01 -2.16000e+01 -2.16000e+01 -2.16000e+01 -2.16000e+01 -2.16000e+01 -2.16000e+01 -2.16000e+01
 -2.16000e+01 -2.16000e+01 -2.16000e+01 -2.16000e+01 -2.16000e+01 -2.16000e+01 -2.16000e+01 -2.16000e+01 -2.16000e+01 -2.16000e+01
 -2.16000e+01 -2.16000e+01 -2.16000e+01 -2.16000e+01 -2.16000e+01 -2.16000e+01 -2.16000e+01 -2.16000e+01]
[ 2.54444e-14 -9.60400e-01 -1.92080e+00 -2.88120e+00 -3.84160e+00 -4.80200e+00 -5.76240e+00 -6.72280e+00 -7.68320e+00 -8.64360e+00
 -9.60400e+00 -1.05644e+01 -1.15248e+01 -1.24852e+01 -1.34456e+01 -1.44000e+01 -1.44000e+01 -1.44000e+01 -1.44000e+01 -1.44000e+01
 -1.44000e+01 -1.44000e+01 -1.44000e+01 -1.44000e+01 -1.44000e+01 -1.44000e+01 -1.44000e+01 -1.44000e+01 -1.44000e+01 -1.44000e+01
 -1.44000e+01 -1.44000e+01 -1.44000e+01 -1.44000e+01 -1.44000e+01 -1.44000e+01 -1.44000e+01 -1.44000e+01 -1.44000e+01 -1.44000e+01
 -1.44000e+01 -1.44000e+01 -1.44000e+01 -1.44000e+01 -1.44000e+01 -1.44000e+01 -1.44000e+01 -1.44000e+01 -1.44000e+01 -1.44000e+01
 -1.44000e+01 -1.44000e+01 -1.44000e+01 -1.44000e+01 -1.44000e+01 -1.44000e+01 -1.44000e+01 -1.44000e+01 -1.44000e+01 -1.44000e+01
 -1.44000e+01 -1.44000e+01 -1.44000e+01 -1.44000e+01 -1.44000e+01 -1.44000e+01 -1.44000e+01 -1.44000e+01 -1.44000e+01 -1.44000e+01
 -1.44000e+01 -1.44000e+01 -1.44000e+01 -1.44000e+01 -1.44000e+01 -1.44000e+01 -1.44000e+01 -1.44000e+01 -1.44000e+01 -1.44000e+01
 -1.44000e+01 -1.44000e+01 -1.44000e+01 -1.44000e+01 -1.44000e+01 -1.44000e+01 -1.44000e+01 -1.44000e+01 -1.44000e+01 -1.44000e+01
 -1.44000e+01 -1.44000e+01 -1.44000e+01 -1.44000e+01 -1.44000e+01 -1.44000e+01 -1.44000e+01 -1.44000e+01 -1.44000e+01 -1.44000e+01
 -1.44000e+01 -1.44000e+01 -1.44000e+01 -1.44000e+01 -1.44000e+01 -1.44000e+01 -1.44000e+01 -1.44000e+01]

"Positioner     6"
[2.54444e-14 9.60400e-01 1.92080e+00 2.88120e+00 3.84160e+00 4.80200e+00 5.76240e+00 6.72280e+00 7.68320e+00 8.64360e+00 9.60400e+00
 1.05644e+01 1.15248e+01 1.24852e+01 1.34456e+01 1.44060e+01 1.53664e+01 1.63268e+01 1.72872e+01 1.82476e+01 1.92080e+01 2.01684e+01
 2.11288e+01 2.20892e+01 2.30496e+01 2.40100e+01 2.49704e+01 2.59308e+01 2.68912e+01 2.78516e+01 2.88120e+01 2.97724e+01 3.07328e+01
 3.16932e+01 3.26536e+01 3.36140e+01 3.45744e+01 3.55348e+01 3.64952e+01 3.74556e+01 3.84160e+01 3.93764e+01 4.03368e+01 4.12972e+01
 4.22576e+01 4.32180e+01 4.41784e+01 4.51388e+01 4.60992e+01 4.70596e+01 4.80200e+01 4.89804e+01 4.99408e+01 5.09012e+01 5.18616e+01
 5.28220e+01 5.37824e+01 5.47428e+01 5.57032e+01 5.66636e+01 5.76240e+01 5.85844e+01 5.95448e+01 6.05052e+01 6.14656e+01 6.24260e+01
 6.33864e+01 6.43468e+01 6.53072e+01 6.62676e+01 6.72280e+01 6.81884e+01 6.91488e+01 7.01092e+01 7.10696e+01 7.20000e+01 7.20000e+01
 7.20000e+01 7.20000e+01 7.20000e+01 7.20000e+01 7.20000e+01 7.20000e+01 7.20000e+01 7.20000e+01 7.20000e+01 7.20000e+01 7.20000e+01
 7.20000e+01 7.20000e+01 7.20000e+01 7.20000e+01 7.20000e+01 7.20000e+01 7.20000e+01 7.20000e+01 7.20000e+01 7.20000e+01 7.20000e+01
 7.20000e+01 7.20000e+01 7.20000e+01 7.20000e+01 7.20000e+01 7.20000e+01 7.20000e+01 7.20000e+01 7.20000e+01]
[2.54444e-14 9.60400e-01 1.92080e+00 2.88120e+00 3.84160e+00 4.80200e+00 5.76240e+00 6.72280e+00 7.68320e+00 8.64360e+00 9.60400e+00
 1.05644e+01 1.15248e+01 1.24852e+01 1.34456e+01 1.44060e+01 1.53664e+01 1.63268e+01 1.72872e+01 1.82476e+01 1.92080e+01 2.01684e+01
 2.11288e+01 2.20892e+01 2.30496e+01 2.40100e+01 2.49704e+01 2.59308e+01 2.68912e+01 2.78516e+01 2.88120e+01 2.97724e+01 3.07328e+01
 3.16932e+01 3.26536e+01 3.36140e+01 3.45744e+01 3.55348e+01 3.64952e+01 3.74556e+01 3.84160e+01 3.93764e+01 4.03368e+01 4.12972e+01
 4.22576e+01 4.32180e+01 4.41784e+01 4.51388e+01 4.60992e+01 4.70596e+01 4.80200e+01 4.89804e+01 4.99408e+01 5.09012e+01 5.18616e+01
 5.28220e+01 5.37824e+01 5.47428e+01 5.57032e+01 5.66636e+01 5.76240e+01 5.85844e+01 5.95448e+01 6.05052e+01 6.14656e+01 6.24000e+01
 6.24000e+01 6.24000e+01 6.24000e+01 6.24000e+01 6.24000e+01 6.24000e+01 6.24000e+01 6.24000e+01 6.24000e+01 6.24000e+01 6.24000e+01
 6.24000e+01 6.24000e+01 6.24000e+01 6.24000e+01 6.24000e+01 6.24000e+01 6.24000e+01 6.24000e+01 6.24000e+01 6.24000e+01 6.24000e+01
 6.24000e+01 6.24000e+01 6.24000e+01 6.24000e+01 6.24000e+01 6.24000e+01 6.24000e+01 6.24000e+01 6.24000e+01 6.24000e+01 6.24000e+01
 6.24000e+01 6.24000e+01 6.24000e+01 6.24000e+01 6.24000e+01 6.24000e+01 6.24000e+01 6.24000e+01 6.24000e+01]

"Positioner     7"
[ 2.54444e-14  2.54444e-14  2.54444e-14  2.54444e-14  2.54444e-14  2.54444e-14  2.54444e-14  2.54444e-14  2.54444e-14  2.54444e-14
  2.54444e-14  2.54444e-14  2.54444e-14  2.54444e-14  2.54444e-14  2.54444e-14  2.54444e-14  2.54444e-14  2.54444e-14  2.54444e-14
  2.54444e-14  2.54444e-14  2.54444e-14  2.54444e-14  2.54444e-14  2.54444e-14  2.54444e-14  2.54444e-14  2.54444e-14  2.54444e-14
  2.54444e-14  2.54444e-14  2.54444e-14  2.54444e-14  2.54444e-14  2.54444e-14  2.54444e-14  2.54444e-14  2.54444e-14  2.54444e-14
  2.54444e-14  2.54444e-14  2.54444e-14  2.54444e-14  2.54444e-14  2.54444e-14  2.54444e-14  2.54444e-14  2.54444e-14  2.54444e-14
  2.54444e-14  2.54444e-14  2.54444e-14  2.54444e-14  2.54444e-14  2.54444e-14  2.54444e-14  2.54444e-14  2.54444e-14  2.54444e-14
  2.54444e-14  2.54444e-14  2.54444e-14  2.54444e-14  2.54444e-14  2.54444e-14  2.54444e-14  2.54444e-14  2.54444e-14  2.54444e-14
 -2.91545e-02 -1.02915e+00 -2.02915e+00 -2.40000e+00 -2.40000e+00 -2.17085e+00 -1.17085e+00 -1.70845e-01  2.54444e-14  2.54444e-14
  2.54444e-14  2.54444e-14 -2.91545e-02 -1.02915e+00 -2.02915e+00 -1.79576e+00 -8.35360e-01  2.54444e-14  2.54444e-14  2.54444e-14
  2.54444e-14  2.54444e-14  2.54444e-14  2.54444e-14  2.54444e-14  2.54444e-14  2.54444e-14  2.54444e-14  2.54444e-14  2.54444e-14
  2.54444e-14  2.54444e-14  2.54444e-14  2.54444e-14  2.54444e-14  2.54444e-14  2.54444e-14  2.54444e-14]
[2.54444e-14 9.60400e-01 1.92080e+00 2.88120e+00 3.84160e+00 4.80200e+00 5.76240e+00 6.72280e+00 7.68320e+00 8.64360e+00 9.60400e+00
 1.05644e+01 1.15248e+01 1.24852e+01 1.34456e+01 1.44060e+01 1.53664e+01 1.63268e+01 1.72872e+01 1.82476e+01 1.92080e+01 2.01684e+01
 2.11288e+01 2.20892e+01 2.30496e+01 2.40100e+01 2.49704e+01 2.59308e+01 2.68912e+01 2.78516e+01 2.88120e+01 2.97724e+01 3.07328e+01
 3.16932e+01 3.26536e+01 3.36140e+01 3.45744e+01 3.55348e+01 3.64952e+01 3.74556e+01 3.84160e+01 3.93764e+01 4.03368e+01 4.12972e+01
 4.22576e+01 4.32180e+01 4.41784e+01 4.51388e+01 4.60992e+01 4.70596e+01 4.80200e+01 4.89804e+01 4.99408e+01 5.09012e+01 5.18616e+01
 5.28220e+01 5.37824e+01 5.47428e+01 5.57032e+01 5.66636e+01 5.76240e+01 5.85844e+01 5.95448e+01 6.05052e+01 6.14656e+01 6.24260e+01
 6.33864e+01 6.43468e+01 6.53072e+01 6.62676e+01 6.72292e+01 6.82292e+01 6.92292e+01 7.02292e+01 7.12292e+01 7.22292e+01 7.32292e+01
 7.42292e+01 7.52292e+01 7.62292e+01 7.72292e+01 7.82292e+01 7.92292e+01 8.02292e+01 8.12292e+01 8.22042e+01 8.31646e+01 8.41250e+01
 8.50854e+01 8.60458e+01 8.64000e+01 8.64000e+01 8.64000e+01 8.64000e+01 8.64000e+01 8.64000e+01 8.64000e+01 8.64000e+01 8.64000e+01
 8.64000e+01 8.64000e+01 8.64000e+01 8.64000e+01 8.64000e+01 8.64000e+01 8.64000e+01 8.64000e+01 8.64000e+01]

